STN--- WBAN   YEARMODA    TEMP       DEWP      SLP        STP       VISIB      WDSP     MXSPD   GUST    MAX     MIN   PRCP   SNDP   FRSHTT 
997295 99999  20190101    39.3 24    34.2 24  1013.6 24  9999.9  0  999.9  0    8.9 24   22.0  999.9    52.9*   31.8*  0.00I 999.9  000000 
997295 99999  20190102    32.1 24    29.3 24  1022.6 24  9999.9  0  999.9  0    5.6 24    9.9  999.9    37.9*   29.8*  0.00I 999.9  000000 
997295 99999  20190103    33.0 24    24.7 24  1016.4 24  9999.9  0  999.9  0    9.6 24   17.1  999.9    36.3*   30.7*  0.00I 999.9  000000 
997295 99999  20190104    37.8 24    26.9 24  1011.2 24  9999.9  0  999.9  0    7.4 24    9.9  999.9    48.2*   32.7*  0.00I 999.9  000000 
997295 99999  20190105    39.5 24    29.4 24  1006.8 24  9999.9  0  999.9  0    5.6 24    9.9  999.9    48.6*   31.8*  0.00I 999.9  000000 
997295 99999  20190106    38.6 24    29.4 24  1019.9 24  9999.9  0  999.9  0    6.3 24    9.9  999.9    45.1*   34.5*  0.00I 999.9  000000 
997295 99999  20190107    37.9 24    27.6 24  1019.7 24  9999.9  0  999.9  0   12.5 24   15.9  999.9    47.5*   34.0*  0.00I 999.9  000000 
997295 99999  20190108    50.2 24    43.8 24  1006.6 24  9999.9  0  999.9  0   10.8 24   18.1  999.9    53.4*   42.8*  0.00I 999.9  000000 
997295 99999  20190109    30.8 24    19.7 24  1014.3 24  9999.9  0  999.9  0   14.1 24   21.0  999.9    41.2*   24.1*  0.00I 999.9  000000 
997295 99999  20190110    23.9 24    11.5 24  1023.7 24  9999.9  0  999.9  0   10.8 24   15.9  999.9    27.7*   21.6*  0.00I 999.9  000000 
997295 99999  20190111    23.9 24    14.1 24  1028.8 24  9999.9  0  999.9  0    4.0 24    8.0  999.9    28.4*   19.9*  0.00I 999.9  000000 
997295 99999  20190112    27.7 24    18.9 24  1029.3 24  9999.9  0  999.9  0    8.1 24   20.0  999.9    30.2*   25.5*  0.00I 999.9  000000 
997295 99999  20190113    27.1 24    21.5 24  1027.5 24  9999.9  0  999.9  0    9.3 24   20.0  999.9    28.6*   25.5*  0.00I 999.9  000000 
997295 99999  20190114    24.0 24    16.5 24  1026.8 24  9999.9  0  999.9  0    4.9 24    8.0  999.9    30.0*   18.0*  0.00I 999.9  000000 
997295 99999  20190115    24.9 24    19.1 24  1022.7 24  9999.9  0  999.9  0    6.2 24    9.9  999.9    27.3*   21.9*  0.00I 999.9  000000 
997295 99999  20190116    30.6 24    23.4 24  1019.9 24  9999.9  0  999.9  0    9.0 24   17.1  999.9    34.2*   26.8*  0.00I 999.9  000000 
997295 99999  20190117    27.8 24    20.9 24  1022.7 24  9999.9  0  999.9  0    6.8 24    9.9  999.9    30.6*   25.7*  0.00I 999.9  000000 
997295 99999  20190118    31.8 24    26.7 24  1018.1 24  9999.9  0  999.9  0    5.4 24    8.9  999.9    32.9*   30.0*  0.00I 999.9  000000 
997295 99999  20190119    25.8 24    21.4 24  1018.5 24  9999.9  0  999.9  0   10.2 24   18.1  999.9    29.7*   21.9*  0.00I 999.9  000000 
997295 99999  20190120    12.0 24     3.0 24  1016.4 24  9999.9  0  999.9  0   11.4 24   15.9  999.9    20.8*    2.5*  0.00I 999.9  000000 
997295 99999  20190121     2.5 24   -11.0 24  1031.8 24  9999.9  0  999.9  0    6.6 24   12.0  999.9    11.5*   -5.3*  0.00I 999.9  000000 
997295 99999  20190122    11.7 24     0.3 24  1030.7 24  9999.9  0  999.9  0    8.1 24   14.0  999.9    28.6*    2.3*  0.00I 999.9  000000 
997295 99999  20190123    36.5 24    31.9 24  1010.6 24  9999.9  0  999.9  0    8.5 24   15.0  999.9    43.7*   29.7*  0.00I 999.9  000000 
997295 99999  20190124    30.2 24    21.4 24  1007.3 24  9999.9  0  999.9  0    9.4 24   14.0  999.9    39.4*   25.3*  0.00I 999.9  000000 
997295 99999  20190125    16.1 24     5.4 24  1017.0 24  9999.9  0  999.9  0   13.3 24   18.1  999.9    25.3*    9.3*  0.00I 999.9  000000 
997295 99999  20190126    13.9 24     4.7 24  1020.9 24  9999.9  0  999.9  0    4.6 24    8.9  999.9    19.9*   11.3*  0.00I 999.9  000000 
997295 99999  20190127    17.5 24     9.9 24  1014.7 24  9999.9  0  999.9  0    7.9 24   14.0  999.9    19.9*   15.1*  0.00I 999.9  000000 
997295 99999  20190128    17.3 24    10.1 24  1012.2 24  9999.9  0  999.9  0    7.7 24   14.0  999.9    36.0*    5.5*  0.00I 999.9  000000 
997295 99999  20190129    18.7 24     9.7 24  1008.3 24  9999.9  0  999.9  0   14.0 24   21.0  999.9    35.6*   10.6*  0.00I 999.9  000000 
997295 99999  20190130    -2.7 24   -17.2 24  1017.1 24  9999.9  0  999.9  0   14.9 24   21.0  999.9     8.1*   -9.2*  0.00I 999.9  000000 
997295 99999  20190131    -5.0 24   -18.6 24  1027.5 24  9999.9  0  999.9  0   10.0 24   13.0  999.9     3.7*   -9.2*  0.00I 999.9  000000 
997295 99999  20190201     6.7 24    -3.8 24  1028.2 24  9999.9  0  999.9  0    3.4 24    7.0  999.9    13.1*    1.4*  0.00I 999.9  000000 
997295 99999  20190202    20.8 24    14.4 24  1022.8 24  9999.9  0  999.9  0    6.6 24   11.1  999.9    40.1*    9.7*  0.00I 999.9  000000 
997295 99999  20190203    41.7 24    35.5 24  1015.0 24  9999.9  0  999.9  0    8.0 24   12.0  999.9    53.1*   35.1*  0.00I 999.9  000000 
997295 99999  20190204    45.5 24    40.0 24  1011.3 24  9999.9  0  999.9  0    7.0 24   12.0  999.9    52.2*   40.1*  0.00I 999.9  000000 
997295 99999  20190205    41.0 24    36.2 24  1015.5 24  9999.9  0  999.9  0    6.6 24   12.0  999.9    51.3*   33.3*  0.00I 999.9  000000 
997295 99999  20190206    32.3 24    30.4 24  1015.0 24  9999.9  0  999.9  0    5.9 24   14.0  999.9    34.7*   30.9*  0.00I 999.9  000000 
997295 99999  20190207    33.9 23    32.5 23  1013.0 23  9999.9  0  999.9  0    7.1 23   17.1  999.9    55.6*   31.6*  0.00I 999.9  000000 
997295 99999  20190208    25.7 24    15.6 24  1018.2 24  9999.9  0  999.9  0   17.7 24   25.1  999.9  9999.9    16.2*  0.00I 999.9  000000 
997295 99999  20190209    17.5 24     3.6 24  1041.1 24  9999.9  0  999.9  0    7.7 24   15.0  999.9    22.8*   13.5*  0.00I 999.9  000000 
997295 99999  20190210    21.4 24    13.1 24  1035.1 24  9999.9  0  999.9  0    6.6 24   12.0  999.9    26.4*   18.1*  0.00I 999.9  000000 
997295 99999  20190211    26.4 24    23.4 24  1023.0 24  9999.9  0  999.9  0   10.1 24   19.0  999.9    29.1*   24.3*  0.00I 999.9  000000 
997295 99999  20190212    31.1 24    28.5 24  1009.1 24  9999.9  0  999.9  0    7.7 24   22.0  999.9    36.9*   27.9*  0.00I 999.9  000000 
997295 99999  20190213    26.6 24    17.6 24  1006.2 24  9999.9  0  999.9  0   15.7 24   20.0  999.9    35.1*   21.9*  0.00I 999.9  000000 
997295 99999  20190214    32.5 24    23.1 24  1010.9 24  9999.9  0  999.9  0    7.5 24   12.0  999.9    45.1*   25.5*  0.00I 999.9  000000 
997295 99999  20190215    35.4 24    25.5 24  1004.0 24  9999.9  0  999.9  0   12.4 24   19.0  999.9    43.2*   26.1*  0.00I 999.9  000000 
997295 99999  20190216    22.8 24    14.3 24  1017.6 24  9999.9  0  999.9  0    4.8 24    9.9  999.9    24.8*   20.7*  0.00I 999.9  000000 
997295 99999  20190217    25.3 24    18.2 24  1015.9 24  9999.9  0  999.9  0   13.8 24   22.0  999.9    26.4*   24.4*  0.00I 999.9  000000 
997295 99999  20190218    24.1 24    17.3 24  1017.9 24  9999.9  0  999.9  0    5.8 24   18.1  999.9    27.7*   20.5*  0.00I 999.9  000000 
997295 99999  20190219    21.6 24    12.5 24  1035.2 24  9999.9  0  999.9  0    3.1 24    8.0  999.9    31.3*   15.4*  0.00I 999.9  000000 
997295 99999  20190220    27.5 24    22.5 24  1022.6 24  9999.9  0  999.9  0    9.8 24   15.9  999.9    33.1*   25.2*  0.00I 999.9  000000 
997295 99999  20190221    36.9 24    26.2 24  1015.6 24  9999.9  0  999.9  0   11.6 24   15.0  999.9    39.4*   32.9*  0.00I 999.9  000000 
997295 99999  20190222    30.3 24    21.3 24  1028.5 24  9999.9  0  999.9  0    4.7 24    8.9  999.9    36.1*   25.5*  0.00I 999.9  000000 
997295 99999  20190223    30.8 24    26.0 24  1023.1 24  9999.9  0  999.9  0    8.3 24   14.0  999.9    33.3*   29.7*  0.00I 999.9  000000 
997295 99999  20190224    39.0 24    33.3 24   998.5 24  9999.9  0  999.9  0   14.8 24   28.9  999.9    53.2*   30.9*  0.00I 999.9  000000 
997295 99999  20190225    24.5 24     9.7 23  1018.7 24  9999.9  0  999.9  0   19.0 24   28.0  999.9    31.3*   19.2*  0.00I 999.9  000000 
997295 99999  20190226    20.7 24     9.8 24  1031.6 24  9999.9  0  999.9  0    5.9 24    9.9  999.9    25.7*   17.8*  0.00I 999.9  000000 
997295 99999  20190227    24.6 24    14.5 24  1023.4 24  9999.9  0  999.9  0    9.6 24   17.1  999.9    30.6*   21.0*  0.00I 999.9  000000 
997295 99999  20190228    23.3 24    12.3 24  1022.8 24  9999.9  0  999.9  0    5.1 24    9.9  999.9    28.2*   19.0*  0.00I 999.9  000000 
997295 99999  20190301    24.8 24    15.1 24  1022.4 24  9999.9  0  999.9  0    5.6 24    9.9  999.9    28.0*   19.8*  0.00I 999.9  000000 
997295 99999  20190302    29.6 24    18.6 24  1020.3 24  9999.9  0  999.9  0    5.4 24   12.0  999.9    36.0*   25.2*  0.00I 999.9  000000 
997295 99999  20190303    27.9 24    19.8 24  1020.7 24  9999.9  0  999.9  0    2.9 24    6.0  999.9    31.6*   25.5*  0.00I 999.9  000000 
997295 99999  20190304    15.5 24     4.3 24  1018.7 24  9999.9  0  999.9  0    8.5 24   15.0  999.9    23.2*    9.7*  0.00I 999.9  000000 
997295 99999  20190305    12.8 24     3.4 24  1018.2 24  9999.9  0  999.9  0   11.4 24   17.1  999.9    18.9*    8.8*  0.00I 999.9  000000 
997295 99999  20190306    16.7 24     4.8 24  1023.4 24  9999.9  0  999.9  0    9.0 24   14.0  999.9    23.7*   11.7*  0.00I 999.9  000000 
997295 99999  20190307    23.3 24    10.1 24  1025.4 24  9999.9  0  999.9  0    6.4 24   11.1  999.9    27.7*   19.9*  0.00I 999.9  000000 
997295 99999  20190308    25.5 24    14.4 24  1024.5 24  9999.9  0  999.9  0    4.5 24    8.0  999.9    30.9*   21.4*  0.00I 999.9  000000 
997295 99999  20190309    28.7 24    22.5 24  1019.7 24  9999.9  0  999.9  0    8.4 24   19.0  999.9    31.8*   25.9*  0.00I 999.9  000000 
997295 99999  20190310    41.0 23    34.1 23  1004.8 23  9999.9  0  999.9  0   15.8 23   22.9  999.9    49.5*   32.7*  0.00I 999.9  000000 
997295 99999  20190311    35.8 24    22.9 24  1022.3 24  9999.9  0  999.9  0   11.3 24   19.0  999.9    41.9*   30.2*  0.00I 999.9  000000 
997295 99999  20190312    34.4 24    18.9 24  1027.6 24  9999.9  0  999.9  0    6.0 24   13.0  999.9    44.8*   25.7*  0.00I 999.9  000000 
997295 99999  20190313    39.3 13    26.4 13  1021.3 13  9999.9  0  999.9  0    5.9 13    8.9  999.9    54.0*   35.2*  0.00I 999.9  000000 
997295 99999  20190314    54.4 24    43.2 24  1007.6 24  9999.9  0  999.9  0   12.5 24   24.1  999.9    65.8*   48.9*  0.00I 999.9  000000 
997295 99999  20190315    45.8 24    35.9 24  1005.8 24  9999.9  0  999.9  0   16.2 24   22.9  999.9    63.0*   37.4*  0.00I 999.9  000000 
997295 99999  20190316    35.1 24    23.1 24  1021.2 24  9999.9  0  999.9  0   11.2 24   15.9  999.9    37.0*   32.7*  0.00I 999.9  000000 
997295 99999  20190317    31.2 24    19.0 24  1025.2 24  9999.9  0  999.9  0    3.7 24    8.0  999.9    37.0*   24.8*  0.00I 999.9  000000 
997295 99999  20190318    32.5 24    25.2 24  1025.8 24  9999.9  0  999.9  0    3.6 24    6.0  999.9    40.8*   28.0*  0.00I 999.9  000000 
997295 99999  20190319    38.6 24    21.9 24  1028.7 24  9999.9  0  999.9  0    4.8 24    9.9  999.9    45.5*   30.6*  0.00I 999.9  000000 
997295 99999  20190320    40.7 24    26.3 24  1022.5 24  9999.9  0  999.9  0    6.9 24   12.0  999.9    49.6*   34.0*  0.00I 999.9  000000 
997295 99999  20190321    41.7 20    37.3 20  1013.0 20  9999.9  0  999.9  0    6.6 20   13.0  999.9    44.6*   40.6*  0.00I 999.9  000000 
997295 99999  20190322    39.1 24    27.6 24  1011.9 24  9999.9  0  999.9  0    9.6 24   17.1  999.9    43.0*   35.2*  0.00I 999.9  000000 
997295 99999  20190323    35.5 24    16.6 24  1023.5 24  9999.9  0  999.9  0    5.4 24   11.1  999.9    48.2*   26.1*  0.00I 999.9  000000 
997295 99999  20190324    42.4 24    25.6 24  1021.8 24  9999.9  0  999.9  0    4.4 24    8.0  999.9    50.5*   35.8*  0.00I 999.9  000000 
997295 99999  20190325    38.5 24    23.9 24  1021.6 24  9999.9  0  999.9  0    8.3 24   14.0  999.9    48.9*   33.3*  0.00I 999.9  000000 
997295 99999  20190326    32.8 24    17.3 24  1028.7 24  9999.9  0  999.9  0    5.6 24    9.9  999.9    38.1*   27.0*  0.00I 999.9  000000 
997295 99999  20190327    37.6 24    16.5 24  1028.7 24  9999.9  0  999.9  0    3.9 24    8.0  999.9    48.9*   30.9*  0.00I 999.9  000000 
997295 99999  20190328    50.2 24    32.4 24  1019.2 24  9999.9  0  999.9  0    7.5 24   13.0  999.9    64.4*   42.8*  0.00I 999.9  000000 
997295 99999  20190329    45.4 24    38.1 24  1018.0 24  9999.9  0  999.9  0    6.7 24   13.0  999.9    58.1*   39.9*  0.00I 999.9  000000 
997295 99999  20190330    43.4 24    40.3 24  1009.4 24  9999.9  0  999.9  0    6.6 24   12.0  999.9    52.7*   38.8*  0.00I 999.9  000000 
997295 99999  20190331    29.9 24    20.5 24  1017.3 24  9999.9  0  999.9  0    9.7 24   15.9  999.9    37.0*   23.9*  0.00I 999.9  000000 
997295 99999  20190401    32.7 24    15.6 24  1026.8 24  9999.9  0  999.9  0    7.0 24   11.1  999.9    42.3*   25.2*  0.00I 999.9  000000 
997295 99999  20190402    42.1 24    25.6 24  1019.8 24  9999.9  0  999.9  0    8.0 24   15.0  999.9    54.1*   34.2*  0.00I 999.9  000000 
997295 99999  20190403    47.9 24    27.6 24  1019.6 24  9999.9  0  999.9  0   10.1 24   19.0  999.9    54.5*   41.2*  0.00I 999.9  000000 
997295 99999  20190404    42.7 24    26.4 24  1028.7 24  9999.9  0  999.9  0   10.1 24   20.0  999.9    51.4*   36.9*  0.00I 999.9  000000 
997295 99999  20190405    42.5 24    33.6 24  1021.8 24  9999.9  0  999.9  0   10.0 24   21.0  999.9    52.0*   38.5*  0.00I 999.9  000000 
997295 99999  20190406    49.8 24    41.8 24  1021.0 24  9999.9  0  999.9  0    4.2 24   12.0  999.9    56.7*   44.1*  0.00I 999.9  000000 
997295 99999  20190407    49.4 19    42.2 19  1018.9 19  9999.9  0  999.9  0    4.4 19    8.9  999.9    56.3*   44.4*  0.00I 999.9  000000 
997295 99999  20190409    59.0 10    30.8 10  1008.7 10  9999.9  0  999.9  0   14.3 10   18.1  999.9    62.1*   53.2*  0.00I 999.9  000000 
997295 99999  20190410    45.1 23    31.7 22  1014.4 23  9999.9  0  999.9  0    7.7 23   15.9  999.9    58.5*   39.6*  0.00I 999.9  000000 
997295 99999  20190411    40.3 24    33.3 24  1016.0 24  9999.9  0  999.9  0   20.8 24   26.0  999.9    43.0*   39.0*  0.00I 999.9  000000 
997295 99999  20190412    54.9 24    43.6 24  1007.4 24  9999.9  0  999.9  0   13.6 24   20.0  999.9    66.2*   42.4*  0.00I 999.9  000000 
997295 99999  20190413    52.3 24    28.4 24  1016.5 24  9999.9  0  999.9  0    9.7 24   15.0  999.9    60.8*   44.4*  0.00I 999.9  000000 
997295 99999  20190414    42.8 24    32.4 24  1009.0 24  9999.9  0  999.9  0   13.2 24   28.9  999.9    55.4*   38.8*  0.00I 999.9  000000 
997295 99999  20190415    41.2 24    29.7 24  1007.3 24  9999.9  0  999.9  0   11.3 24   15.9  999.9    54.0*   33.4*  0.00I 999.9  000000 
997295 99999  20190416    53.3 24    35.5 24  1016.8 24  9999.9  0  999.9  0    6.5 24   12.0  999.9    69.8*   44.2*  0.00I 999.9  000000 
997295 99999  20190418    63.4 20    52.5 20  1003.8 20  9999.9  0  999.9  0   11.1 20   15.9  999.9    71.4*   49.8*  0.00I 999.9  000000 
997295 99999  20190419    46.6 24    42.6 24  1004.2 24  9999.9  0  999.9  0    6.9 24   11.1  999.9    59.2*   42.6*  0.00I 999.9  000000 
997295 99999  20190420    41.5 24    38.3 24  1004.7 24  9999.9  0  999.9  0    7.9 24   11.1  999.9    43.7*   40.3*  0.00I 999.9  000000 
997295 99999  20190421    49.0 24    41.4 24  1014.6 24  9999.9  0  999.9  0    3.9 24    7.0  999.9    60.8*   42.3*  0.00I 999.9  000000 
997295 99999  20190422    58.5 24    41.6 24  1021.3 24  9999.9  0  999.9  0    5.8 24   11.1  999.9    71.1*   47.8*  0.00I 999.9  000000 
997295 99999  20190423    63.2 24    45.7 24  1012.8 24  9999.9  0  999.9  0   11.6 24   21.0  999.9    68.9*   58.8*  0.00I 999.9  000000 
997295 99999  20190424    49.9 24    36.4 24  1015.8 24  9999.9  0  999.9  0    5.7 24   14.0  999.9    57.0*   41.9*  0.00I 999.9  000000 
997295 99999  20190425    51.0 24    41.1 24  1010.9 24  9999.9  0  999.9  0    4.2 24    9.9  999.9    54.9*   48.0*  0.00I 999.9  000000 
997295 99999  20190426    52.4 24    42.6 24  1000.8 24  9999.9  0  999.9  0   10.7 24   22.9  999.9    61.7*   48.0*  0.00I 999.9  000000 
997295 99999  20190427    47.7 24    25.9 24  1010.6 24  9999.9  0  999.9  0    9.7 24   17.1  999.9    55.9*   40.6*  0.00I 999.9  000000 
997295 99999  20190428    43.1 24    33.9 24  1016.7 24  9999.9  0  999.9  0    7.2 24   11.1  999.9    49.5*   38.3*  0.00I 999.9  000000 
997295 99999  20190429    46.1 24    33.1 24  1022.3 24  9999.9  0  999.9  0   10.5 24   20.0  999.9    48.6*   44.1*  0.00I 999.9  000000 
997295 99999  20190430    44.4 24    40.6 24  1023.2 24  9999.9  0  999.9  0    6.6 24   15.9  999.9    45.9*   43.0*  0.00I 999.9  000000 
997295 99999  20190501    54.3 24    48.6 24  1017.8 24  9999.9  0  999.9  0   12.3 24   24.1  999.9    72.3*   45.5*  0.00I 999.9  000000 
997295 99999  20190502    54.0 24    51.0 24  1019.3 24  9999.9  0  999.9  0    5.8 24    8.9  999.9    63.7*   48.4*  0.00I 999.9  000000 
997295 99999  20190503    50.1 24    48.1 24  1016.8 24  9999.9  0  999.9  0    3.8 24    9.9  999.9    52.5*   47.7*  0.00I 999.9  000000 
997295 99999  20190504    49.3 24    41.7 24  1015.6 24  9999.9  0  999.9  0    3.9 24    8.0  999.9    52.9*   47.1*  0.00I 999.9  000000 
997295 99999  20190505    52.1 24    41.5 24  1012.5 24  9999.9  0  999.9  0    3.8 24    8.9  999.9    66.4*   43.5*  0.00I 999.9  000000 
997295 99999  20190506    64.5 24    45.5 24  1014.4 24  9999.9  0  999.9  0    6.4 24   13.0  999.9    75.2*   54.7*  0.00I 999.9  000000 
997295 99999  20190507    50.6 24    44.0 24  1021.6 24  9999.9  0  999.9  0    7.1 24   12.0  999.9    65.3*   45.1*  0.00I 999.9  000000 
997295 99999  20190508    48.9 24    38.3 24  1023.6 24  9999.9  0  999.9  0   14.2 24   24.1  999.9    51.6*   46.9*  0.00I 999.9  000000 
997295 99999  20190509    60.0 24    52.2 24  1011.2 24  9999.9  0  999.9  0   10.9 24   19.0  999.9    72.0*   51.4*  0.00I 999.9  000000 
997295 99999  20190510    57.1 24    47.7 24  1013.9 24  9999.9  0  999.9  0    8.4 24   14.0  999.9    67.3*   51.4*  0.00I 999.9  000000 
997295 99999  20190511    49.9 24    39.3 24  1020.0 24  9999.9  0  999.9  0    8.1 24   18.1  999.9    56.7*   45.9*  0.00I 999.9  000000 
997295 99999  20190512    48.5 24    41.1 24  1011.0 24  9999.9  0  999.9  0   11.3 24   17.1  999.9    49.8*   46.2*  0.00I 999.9  000000 
997295 99999  20190513    48.4 24    42.9 24  1009.1 24  9999.9  0  999.9  0    6.8 24   14.0  999.9    53.1*   45.7*  0.00I 999.9  000000 
997295 99999  20190514    52.3 23    36.9 23  1015.2 23  9999.9  0  999.9  0    4.6 23    8.9  999.9    66.2*   41.9*  0.00I 999.9  000000 
997295 99999  20190515    61.3 23    37.6 23  1014.5 23  9999.9  0  999.9  0    6.4 23   12.0  999.9    72.3*   51.4*  0.00I 999.9  000000 
997295 99999  20190520    59.9 24    50.1 24  1011.1 24  9999.9  0  999.9  0    9.3 24   14.0  999.9    66.4*   53.2*  0.00I 999.9  000000 
997295 99999  20190521    51.3 24    40.1 24  1021.2 24  9999.9  0  999.9  0    5.9 24   12.0  999.9    55.8*   46.2*  0.00I 999.9  000000 
997295 99999  20190522    57.4 22    46.5 22  1018.1 22  9999.9  0  999.9  0    8.0 22   14.0  999.9    68.7*   55.2*  0.00I 999.9  000000 
997295 99999  20190523    69.7 23    58.8 23  1014.7 23  9999.9  0  999.9  0   10.6 23   21.0  999.9    78.6*   59.5*  0.00I 999.9  000000 
997295 99999  20190524    63.9 24    48.8 24  1019.5 24  9999.9  0  999.9  0    4.8 24   11.1  999.9    75.4*   56.8*  0.00I 999.9  000000 
997295 99999  20190525    70.9 24    58.8 24  1015.0 24  9999.9  0  999.9  0    7.9 24   15.0  999.9    84.6*   60.3*  0.00I 999.9  000000 
997295 99999  20190526    69.5 24    63.0 24  1015.6 24  9999.9  0  999.9  0    5.6 24   15.9  999.9    80.2*   60.6*  0.00I 999.9  000000 
997295 99999  20190527    60.6 24    52.3 24  1017.6 24  9999.9  0  999.9  0    4.4 24   13.0  999.9    65.3*   53.6*  0.00I 999.9  000000 
997295 99999  20190528    70.7 24    61.8 24  1006.5 24  9999.9  0  999.9  0    8.7 24   15.0  999.9    81.5*   60.3*  0.00I 999.9  000000 
997295 99999  20190529    64.1 24    59.1 24  1007.3 24  9999.9  0  999.9  0    6.2 24    9.9  999.9    74.8*   59.0*  0.00I 999.9  000000 
997295 99999  20190530    66.3 24    59.6 24  1007.6 24  9999.9  0  999.9  0    3.2 24   13.0  999.9    73.0*   62.1*  0.00I 999.9  000000 
997295 99999  20190531    68.2 24    56.1 24  1010.4 24  9999.9  0  999.9  0    3.4 24    7.0  999.9    81.5*   59.4*  0.00I 999.9  000000 
997295 99999  20190601    72.2 23    58.1 23  1009.3 23  9999.9  0  999.9  0    6.5 23    9.9  999.9    82.2*   63.3*  0.00I 999.9  000000 
997295 99999  20190602    62.7 24    53.3 24  1009.5 24  9999.9  0  999.9  0    5.8 24   11.1  999.9    69.8*   58.8*  0.00I 999.9  000000 
997295 99999  20190603    57.2 24    36.6 24  1018.1 24  9999.9  0  999.9  0    6.2 24   13.0  999.9    67.8*   48.0*  0.00I 999.9  000000 
997295 99999  20190604    63.3 24    47.9 24  1017.6 24  9999.9  0  999.9  0    5.2 24    8.9  999.9    73.9*   54.7*  0.00I 999.9  000000 
997295 99999  20190605    71.7 24    60.6 24  1008.1 24  9999.9  0  999.9  0    5.8 24   13.0  999.9    80.6*   64.0*  0.00I 999.9  000000 
997295 99999  20190606    65.0 24    58.4 24  1011.2 24  9999.9  0  999.9  0    4.5 24    8.9  999.9    79.3*   59.4*  0.00I 999.9  000000 
997295 99999  20190607    64.6 24    56.4 24  1015.0 24  9999.9  0  999.9  0    5.4 24   15.0  999.9    70.7*   57.0*  0.00I 999.9  000000 
997295 99999  20190608    66.8 24    55.6 24  1017.2 24  9999.9  0  999.9  0   12.4 24   17.1  999.9    69.4*   65.1*  0.00I 999.9  000000 
997295 99999  20190609    68.3 24    60.1 24  1016.6 24  9999.9  0  999.9  0    9.3 24   18.1  999.9    69.6*   67.1*  0.00I 999.9  000000 
997295 99999  20190610    68.2 24    61.9 24  1013.1 24  9999.9  0  999.9  0    9.0 24   19.0  999.9    71.1*   63.9*  0.00I 999.9  000000 
997295 99999  20190611    64.3 24    46.6 24  1021.0 24  9999.9  0  999.9  0    5.6 24    9.9  999.9    77.0*   53.2*  0.00I 999.9  000000 
997295 99999  20190612    67.9 24    48.8 24  1016.7 24  9999.9  0  999.9  0    8.3 24   18.1  999.9    74.8*   59.4*  0.00I 999.9  000000 
997295 99999  20190613    62.0 24    55.1 24  1005.6 24  9999.9  0  999.9  0    7.5 24   18.1  999.9    70.9*   56.3*  0.00I 999.9  000000 
997295 99999  20190614    61.3 24    44.1 24  1015.4 24  9999.9  0  999.9  0    8.8 24   13.0  999.9    75.2*   50.9*  0.00I 999.9  000000 
997295 99999  20190615    66.7 16    48.9 16  1013.4 16  9999.9  0  999.9  0    9.1 16   11.1  999.9    74.5*   61.7*  0.00I 999.9  000000 
997295 99999  20190617    63.4 14    56.1 14  1015.7 14  9999.9  0  999.9  0    5.4 14    8.0  999.9    65.8*   61.5*  0.00I 999.9  000000 
997295 99999  20190618    63.8  5    57.8  5  1014.9  5  9999.9  0  999.9  0    2.8  5    4.1  999.9    66.0*   61.7*  0.00I 999.9  000000 
997295 99999  20190619    69.2 20    58.7 20  1009.1 20  9999.9  0  999.9  0    4.9 20   12.0  999.9    73.8*   61.7*  0.00I 999.9  000000 
997295 99999  20190620    66.2 24    60.1 24  1002.9 24  9999.9  0  999.9  0    5.7 24   11.1  999.9    72.3*   63.0*  0.00I 999.9  000000 
997295 99999  20190621    66.0 24    52.4 24  1012.9 24  9999.9  0  999.9  0    6.0 24   11.1  999.9    76.5*   55.9*  0.00I 999.9  000000 
997295 99999  20190622    67.4 24    51.8 24  1018.8 24  9999.9  0  999.9  0    7.8 24   11.1  999.9    73.9*   63.5*  0.00I 999.9  000000 
997295 99999  20190623    67.5 24    54.4 24  1017.6 24  9999.9  0  999.9  0    6.6 24   15.0  999.9    75.0*   59.2*  0.00I 999.9  000000 
997295 99999  20190624    73.8 24    62.2 24  1007.3 24  9999.9  0  999.9  0    7.5 24   14.0  999.9    79.5*   70.0*  0.00I 999.9  000000 
997295 99999  20190625    74.5 24    58.6 24  1009.7 24  9999.9  0  999.9  0    8.9 24   14.0  999.9    84.0*   66.4*  0.00I 999.9  000000 
997295 99999  20190626    79.3 24    57.6 24  1016.0 24  9999.9  0  999.9  0    6.7 24   11.1  999.9    87.4*   71.1*  0.00I 999.9  000000 
997295 99999  20190627    75.2 24    60.9 24  1020.9 24  9999.9  0  999.9  0    3.1 24    6.0  999.9    84.7*   66.4*  0.00I 999.9  000000 
997295 99999  20190628    80.8 24    63.5 24  1020.9 24  9999.9  0  999.9  0    3.6 24    7.0  999.9    91.6*   72.1*  0.00I 999.9  000000 
997295 99999  20190629    83.0 24    65.6 24  1018.2 24  9999.9  0  999.9  0    7.1 24   13.0  999.9    89.8*   77.5*  0.00I 999.9  000000 
997295 99999  20190630    77.0 24    63.4 24  1016.6 24  9999.9  0  999.9  0    4.0 24    8.0  999.9    86.0*   72.0*  0.00I 999.9  000000 
997295 99999  20190701    78.3 24    60.7 24  1015.5 24  9999.9  0  999.9  0    4.9 24    8.0  999.9    92.3*   67.6*  0.00I 999.9  000000 
997295 99999  20190702    82.7 24    67.1 24  1012.4 24  9999.9  0  999.9  0    5.0 24    8.0  999.9    90.3*   75.7*  0.00I 999.9  000000 
997295 99999  20190703    78.0 24    67.5 24  1012.3 24  9999.9  0  999.9  0    5.7 24    9.9  999.9    88.3*   72.9*  0.00I 999.9  000000 
997295 99999  20190704    78.4 24    70.4 24  1015.1 24  9999.9  0  999.9  0    4.3 24    9.9  999.9    81.0*   74.5*  0.00I 999.9  000000 
997295 99999  20190705    81.3 24    69.3 24  1016.2 24  9999.9  0  999.9  0    3.9 24    8.9  999.9    93.0*   69.3*  0.00I 999.9  000000 
997295 99999  20190706    79.5 24    70.7 24  1014.8 24  9999.9  0  999.9  0    3.4 24    9.9  999.9    88.5*   72.7*  0.00I 999.9  000000 
997295 99999  20190707    73.4 24    65.5 24  1015.2 24  9999.9  0  999.9  0    5.2 24   11.1  999.9    78.1*   68.2*  0.00I 999.9  000000 
997295 99999  20190708    70.6 24    57.3 24  1017.0 24  9999.9  0  999.9  0    6.7 24   12.0  999.9    76.3*   61.5*  0.00I 999.9  000000 
997295 99999  20190709    71.3 24    58.0 24  1018.0 24  9999.9  0  999.9  0    4.9 24    8.9  999.9    76.6*   62.8*  0.00I 999.9  000000 
997295 99999  20190710    79.8 24    64.2 24  1015.1 24  9999.9  0  999.9  0    4.8 24    9.9  999.9    92.3*   70.2*  0.00I 999.9  000000 
997295 99999  20190711    80.9 24    63.5 24  1010.7 24  9999.9  0  999.9  0    6.4 24   12.0  999.9    85.6*   76.1*  0.00I 999.9  000000 
997295 99999  20190712    72.4 24    58.6 24  1013.1 24  9999.9  0  999.9  0    4.0 24    6.0  999.9    83.3*   61.7*  0.00I 999.9  000000 
997295 99999  20190713    78.6 24    61.2 24  1014.6 24  9999.9  0  999.9  0    6.2 24   13.0  999.9    90.0*   68.9*  0.00I 999.9  000000 
997295 99999  20190714    77.6 24    59.9 24  1018.7 24  9999.9  0  999.9  0    5.0 24    9.9  999.9    87.6*   70.9*  0.00I 999.9  000000 
997295 99999  20190715    77.3 24    60.1 24  1018.8 24  9999.9  0  999.9  0    3.8 24   11.1  999.9    86.0*   69.4*  0.00I 999.9  000000 
997295 99999  20190716    80.3 24    68.7 24  1015.8 24  9999.9  0  999.9  0    5.7 24    9.9  999.9    87.3*   77.0*  0.00I 999.9  000000 
997295 99999  20190717    76.9 24    70.5 24  1012.6 24  9999.9  0  999.9  0    4.1 24    8.9  999.9    83.5*   73.0*  0.00I 999.9  000000 
997295 99999  20190718    80.3 24    68.2 24  1013.2 24  9999.9  0  999.9  0    5.2 24    9.9  999.9    87.8*   72.5*  0.00I 999.9  000000 
997295 99999  20190719    83.9 24    73.1 24  1011.4 24  9999.9  0  999.9  0    7.8 24   13.0  999.9    93.2*   78.6*  0.00I 999.9  000000 
997295 99999  20190720    86.5 24    69.8 24  1011.9 24  9999.9  0  999.9  0    8.8 24   15.0  999.9    94.5*   79.9*  0.00I 999.9  000000 
997295 99999  20190721    78.7 24    69.4 24  1012.9 24  9999.9  0  999.9  0    6.0 24   13.0  999.9    91.9*   73.8*  0.00I 999.9  000000 
997295 99999  20190722    72.2 24    61.4 24  1013.7 24  9999.9  0  999.9  0    6.5 24   14.0  999.9    76.3*   68.9*  0.00I 999.9  000000 
997295 99999  20190723    69.7 24    52.0 24  1016.2 24  9999.9  0  999.9  0    5.1 24    8.9  999.9    78.1*   61.2*  0.00I 999.9  000000 
997295 99999  20190724    67.3 24    55.1 24  1018.7 24  9999.9  0  999.9  0    3.7 24    7.0  999.9    77.2*   59.9*  0.00I 999.9  000000 
997295 99999  20190725    72.7 24    54.5 24  1021.6 24  9999.9  0  999.9  0    3.0 24    5.1  999.9    81.3*   63.5*  0.00I 999.9  000000 
997295 99999  20190726    76.5 24    59.1 24  1023.7 24  9999.9  0  999.9  0    3.5 24    9.9  999.9    83.7*   67.1*  0.00I 999.9  000000 
997295 99999  20190727    78.1 24    59.6 24  1021.9 24  9999.9  0  999.9  0    5.8 24   11.1  999.9    85.8*   70.5*  0.00I 999.9  000000 
997295 99999  20190728    80.8 24    63.3 24  1018.3 24  9999.9  0  999.9  0    7.4 24   14.0  999.9    88.9*   73.6*  0.00I 999.9  000000 
997295 99999  20190729    80.5 24    64.8 24  1014.6 24  9999.9  0  999.9  0    8.1 24   18.1  999.9    87.1*   73.9*  0.00I 999.9  000000 
997295 99999  20190730    75.1 24    65.8 23  1013.9 22  9999.9  0  999.9  0    4.0 24    8.9  999.9    82.0*   70.2*  0.00I 999.9  000000 
997295 99999  20190731    71.1 24    63.3 24  1018.3 24  9999.9  0  999.9  0    4.4 24    8.9  999.9    79.3*   66.4*  0.00I 999.9  000000 
997295 99999  20190801    71.2 24    58.3 24  1021.1 24  9999.9  0  999.9  0    5.1 24    9.9  999.9    75.7*   63.3*  0.00I 999.9  000000 
997295 99999  20190802    70.8 24    55.8 24  1020.7 24  9999.9  0  999.9  0    4.5 24    8.0  999.9    77.5*   62.6*  0.00I 999.9  000000 
997295 99999  20190803    73.4 24    56.3 24  1018.6 24  9999.9  0  999.9  0    3.1 24    6.0  999.9    82.4*   64.4*  0.00I 999.9  000000 
997295 99999  20190804    75.5 24    60.5 24  1016.5 24  9999.9  0  999.9  0    4.0 24    8.0  999.9    84.4*   67.5*  0.00I 999.9  000000 
997295 99999  20190805    77.0 24    62.6 24  1014.8 24  9999.9  0  999.9  0    3.6 24   11.1  999.9    88.7*   67.8*  0.00I 999.9  000000 
997295 99999  20190806    76.6 24    64.9 24  1009.7 24  9999.9  0  999.9  0    4.0 24    7.0  999.9    85.5*   69.4*  0.00I 999.9  000000 
997295 99999  20190807    74.7 24    63.4 24  1009.4 24  9999.9  0  999.9  0    4.3 24    9.9  999.9    83.3*   67.3*  0.00I 999.9  000000 
997295 99999  20190808    76.3 24    59.5 24  1008.6 24  9999.9  0  999.9  0    7.9 24   13.0  999.9    82.2*   70.5*  0.00I 999.9  000000 
997295 99999  20190809    71.7 24    52.8 24  1012.1 24  9999.9  0  999.9  0    7.0 24   11.1  999.9    79.3*   61.9*  0.00I 999.9  000000 
997295 99999  20190810    71.2 24    52.9 24  1015.1 24  9999.9  0  999.9  0    5.2 24    9.9  999.9    79.5*   62.1*  0.00I 999.9  000000 
997295 99999  20190811    74.1 24    57.6 24  1017.0 24  9999.9  0  999.9  0    3.9 24    7.0  999.9    84.7*   63.3*  0.00I 999.9  000000 
997295 99999  20190812    76.4 24    62.4 24  1013.6 24  9999.9  0  999.9  0    4.9 24    9.9  999.9    83.8*   72.7*  0.00I 999.9  000000 
997295 99999  20190813    73.1 24    68.0 24  1009.3 24  9999.9  0  999.9  0    2.8 24    8.9  999.9    79.0*   70.7*  0.00I 999.9  000000 
997295 99999  20190814    72.6 24    60.1 24  1012.9 24  9999.9  0  999.9  0    4.2 24    9.9  999.9    78.4*   63.7*  0.00I 999.9  000000 
997295 99999  20190815    73.6 24    64.1 24  1013.9 24  9999.9  0  999.9  0    8.8 24   14.0  999.9    75.7*   70.3*  0.00I 999.9  000000 
997295 99999  20190816    70.1 24    61.1 24  1014.8 24  9999.9  0  999.9  0    3.5 24    6.0  999.9    81.1*   62.6*  0.00I 999.9  000000 
997295 99999  20190817    76.6 24    65.6 24  1013.3 24  9999.9  0  999.9  0    4.5 24    8.0  999.9    83.1*   70.9*  0.00I 999.9  000000 
997295 99999  20190818    75.9 24    66.7 24  1012.9 24  9999.9  0  999.9  0    4.6 24    9.9  999.9    79.2*   70.0*  0.00I 999.9  000000 
997295 99999  20190819    72.2 24    65.3 24  1015.7 24  9999.9  0  999.9  0    5.1 24   21.0  999.9    83.5*   66.4*  0.00I 999.9  000000 
997295 99999  20190820    78.1 24    68.8 24  1017.0 24  9999.9  0  999.9  0    3.3 24    8.9  999.9    88.2*   71.8*  0.00I 999.9  000000 
997295 99999  20190821    76.1 24    67.4 24  1013.5 24  9999.9  0  999.9  0    4.5 24   12.0  999.9    85.1*   70.0*  0.00I 999.9  000000 
997295 99999  20190822    72.5 24    62.1 24  1014.7 24  9999.9  0  999.9  0    5.4 24   11.1  999.9    81.3*   69.4*  0.00I 999.9  000000 
997295 99999  20190823    68.6 24    53.7 24  1019.9 24  9999.9  0  999.9  0    4.6 24    8.0  999.9    72.3*   63.0*  0.00I 999.9  000000 
997295 99999  20190824    65.7 24    51.7 24  1024.4 24  9999.9  0  999.9  0    6.5 24   12.0  999.9    71.4*   57.7*  0.00I 999.9  000000 
997295 99999  20190825    68.3 24    53.9 24  1022.5 24  9999.9  0  999.9  0   11.6 24   17.1  999.9    72.0*   63.0*  0.00I 999.9  000000 
997295 99999  20190826    67.1 24    57.0 24  1016.5 24  9999.9  0  999.9  0    9.3 24   15.0  999.9    71.6*   62.6*  0.00I 999.9  000000 
997295 99999  20190827    72.5 24    65.7 24  1009.8 24  9999.9  0  999.9  0    8.3 24   12.0  999.9    80.2*   67.5*  0.00I 999.9  000000 
997295 99999  20190828    71.4 24    56.6 24  1012.0 24  9999.9  0  999.9  0    7.1 24   13.0  999.9    77.4*   64.2*  0.00I 999.9  000000 
997295 99999  20190829    69.9 24    53.9 24  1014.8 24  9999.9  0  999.9  0    6.5 24   13.0  999.9    79.5*   60.6*  0.00I 999.9  000000 
997295 99999  20190830    71.5 22    59.8 22  1015.3 22  9999.9  0  999.9  0    7.2 22   11.1  999.9    77.9*   65.3*  0.00I 999.9  000000 
997295 99999  20190831    65.5 24    54.1 24  1024.7 24  9999.9  0  999.9  0    8.0 24   15.0  999.9    70.7*   60.1*  0.00I 999.9  000000 
997295 99999  20190901    67.8 24    57.6 24  1022.3 24  9999.9  0  999.9  0    8.5 24   15.0  999.9    69.1*   64.6*  0.00I 999.9  000000 
997295 99999  20190902    70.0 24    60.4 24  1018.0 24  9999.9  0  999.9  0    4.0 24   11.1  999.9    80.1*   64.4*  0.00I 999.9  000000 
997295 99999  20190903    71.7 24    63.2 24  1015.8 24  9999.9  0  999.9  0    4.9 24   13.0  999.9    77.7*   65.1*  0.00I 999.9  000000 
997295 99999  20190904    71.5 24    60.1 24  1014.1 24  9999.9  0  999.9  0    7.8 24   13.0  999.9    76.3*   66.2*  0.00I 999.9  000000 
997295 99999  20190905    63.2 24    53.8 24  1020.2 24  9999.9  0  999.9  0    3.3 24    7.0  999.9    68.9*   56.8*  0.00I 999.9  000000 
997295 99999  20190906    64.9 24    53.7 24  1014.7 24  9999.9  0  999.9  0    3.7 24    8.0  999.9    71.4*   56.7*  0.00I 999.9  000000 
997295 99999  20190907    67.2 24    57.0 24  1014.6 24  9999.9  0  999.9  0    5.6 24    8.9  999.9    74.3*   62.1*  0.00I 999.9  000000 
997295 99999  20190908    65.7 24    55.9 24  1018.5 24  9999.9  0  999.9  0    4.8 24    7.0  999.9    72.1*   61.2*  0.00I 999.9  000000 
997295 99999  20190909    65.2 24    55.5 24  1023.3 24  9999.9  0  999.9  0    7.8 24   14.0  999.9    69.4*   61.2*  0.00I 999.9  000000 
997295 99999  20190910    73.1 24    60.1 24  1021.7 24  9999.9  0  999.9  0    6.4 24   11.1  999.9    88.0*   62.2*  0.00I 999.9  000000 
997295 99999  20190911    80.3 24    67.8 24  1019.7 24  9999.9  0  999.9  0    4.9 24    8.0  999.9    88.2*   73.4*  0.00I 999.9  000000 
997295 99999  20190912    71.3 24    66.4 24  1020.2 24  9999.9  0  999.9  0    5.8 24   15.0  999.9    80.8*   68.5*  0.00I 999.9  000000 
997295 99999  20190913    73.6 22    65.4 22  1019.7 22  9999.9  0  999.9  0    9.7 22   17.1  999.9    88.5*   67.1*  0.00I 999.9  000000 
997295 99999  20190914    69.2 24    57.4 24  1020.8 24  9999.9  0  999.9  0    6.9 24   12.0  999.9    75.9*   61.9*  0.00I 999.9  000000 
997295 99999  20190915    69.7 24    58.1 24  1020.9 24  9999.9  0  999.9  0    4.5 24    8.9  999.9    76.1*   65.3*  0.00I 999.9  000000 
997295 99999  20190916    71.7 24    63.0 24  1018.0 24  9999.9  0  999.9  0    2.6 24    6.0  999.9    74.8*   68.0*  0.00I 999.9  000000 
997295 99999  20190917    68.4 23    61.9 23  1021.3 23  9999.9  0  999.9  0    5.3 23    8.9  999.9    73.0*   65.1*  0.00I 999.9  000000 
997295 99999  20190918    69.7 21    57.8 21  1022.0 21  9999.9  0  999.9  0    8.6 21   17.1  999.9    71.6*   66.2*  0.00I 999.9  000000 
997295 99999  20190919    68.0 24    54.5 24  1021.2 24  9999.9  0  999.9  0    6.9 24   11.1  999.9    71.2*   61.5*  0.00I 999.9  000000 
997295 99999  20190920    72.0 24    61.4 24  1020.3 24  9999.9  0  999.9  0    4.5 24    8.0  999.9    78.3*   66.7*  0.00I 999.9  000000 
997295 99999  20190921    77.2 19    66.4 19  1020.9 19  9999.9  0  999.9  0    4.3 19    8.9  999.9    85.3*   70.0*  0.00I 999.9  000000 
997295 99999  20190922    78.1 24    61.5 24  1017.1 24  9999.9  0  999.9  0    7.6 24   14.0  999.9    85.5*   73.0*  0.00I 999.9  000000 
997295 99999  20190923    74.0 24    58.2 24  1011.7 24  9999.9  0  999.9  0   10.4 24   17.1  999.9    81.5*   69.3*  0.00I 999.9  000000 
997295 99999  20190924    66.1 24    49.5 24  1015.0 24  9999.9  0  999.9  0    6.1 24    8.9  999.9    76.6*   57.0*  0.00I 999.9  000000 
997295 99999  20190925    69.7 24    53.4 24  1010.0 24  9999.9  0  999.9  0    7.1 24   15.0  999.9    75.6*   61.2*  0.00I 999.9  000000 
997295 99999  20190926    68.4 24    50.2 24  1010.6 24  9999.9  0  999.9  0    8.0 24   13.0  999.9    71.8*   64.6*  0.00I 999.9  000000 
997295 99999  20190927    64.8 24    47.1 24  1014.2 24  9999.9  0  999.9  0    5.9 24   12.0  999.9    81.5*   55.9*  0.00I 999.9  000000 
997295 99999  20190928    68.2 24    62.4 24  1015.0 24  9999.9  0  999.9  0    6.0 24   12.0  999.9    73.9*   65.1*  0.00I 999.9  000000 
997295 99999  20190929    64.6 24    58.4 24  1024.3 24  9999.9  0  999.9  0   11.7 24   20.0  999.9    67.1*   62.1*  0.00I 999.9  000000 
997295 99999  20190930    67.9 24    64.6 24  1020.5 24  9999.9  0  999.9  0    5.8 24   13.0  999.9    73.8*   63.0*  0.00I 999.9  000000 
997295 99999  20191001    76.9 24    66.2 24  1015.5 24  9999.9  0  999.9  0    5.3 24   11.1  999.9    87.3*   69.4*  0.00I 999.9  000000 
997295 99999  20191002    72.4 22    63.7 22  1012.8 22  9999.9  0  999.9  0    5.4 22    9.9  999.9    79.0*   60.8*  0.00I 999.9  000000 
997295 99999  20191003    65.4 24    60.3 24  1014.5 24  9999.9  0  999.9  0    8.7 24   18.1  999.9    70.9*   59.9*  0.00I 999.9  000000 
997295 99999  20191004    55.9 18    45.6 18  1025.0 18  9999.9  0  999.9  0    6.6 18   11.1  999.9    63.1*   51.1*  0.00I 999.9  000000 
997295 99999  20191005    54.5 24    45.2 24  1024.2 24  9999.9  0  999.9  0    8.8 24   14.0  999.9    59.7*   50.4*  0.00I 999.9  000000 
997295 99999  20191006    62.8 24    52.2 24  1016.3 24  9999.9  0  999.9  0    6.1 24   13.0  999.9    68.9*   57.7*  0.00I 999.9  000000 
997295 99999  20191007    61.8 24    43.3 24  1020.2 24  9999.9  0  999.9  0    4.8 24    8.9  999.9    69.3*   55.9*  0.00I 999.9  000000 
997295 99999  20191008    56.6 24    47.3 24  1023.7 24  9999.9  0  999.9  0    4.1 24    8.9  999.9    63.5*   47.1*  0.00I 999.9  000000 
997295 99999  20191009    59.4 24    49.0 24  1023.3 24  9999.9  0  999.9  0    6.9 24   14.0  999.9    63.7*   50.9*  0.00I 999.9  000000 
997295 99999  20191010    61.8 24    52.9 24  1021.9 24  9999.9  0  999.9  0    7.1 24   13.0  999.9    64.6*   55.9*  0.00I 999.9  000000 
997295 99999  20191011    64.5 24    56.9 24  1016.6 24  9999.9  0  999.9  0    7.6 24   12.0  999.9    69.4*   61.5*  0.00I 999.9  000000 
997295 99999  20191012    48.2 24    36.5 24  1016.1 24  9999.9  0  999.9  0   10.2 24   17.1  999.9    68.4*   38.3*  0.00I 999.9  000000 
997295 99999  20191013    51.6 24    33.0 24  1013.0 24  9999.9  0  999.9  0   10.1 24   14.0  999.9    64.6*   44.4*  0.00I 999.9  000000 
997295 99999  20191014    50.6 24    33.3 24  1015.3 24  9999.9  0  999.9  0    6.3 24   12.0  999.9    59.9*   46.0*  0.00I 999.9  000000 
997295 99999  20191015    51.8 24    37.1 24  1016.8 24  9999.9  0  999.9  0    5.6 24   13.0  999.9    68.7*   41.0*  0.00I 999.9  000000 
997295 99999  20191016    54.0 24    43.8 24  1005.1 24  9999.9  0  999.9  0    9.9 24   14.0  999.9    65.5*   48.0*  0.00I 999.9  000000 
997295 99999  20191017    47.3 24    35.8 24  1011.6 24  9999.9  0  999.9  0   11.5 24   15.9  999.9    52.0*   41.9*  0.00I 999.9  000000 
997295 99999  20191018    46.4 24    36.8 24  1017.5 24  9999.9  0  999.9  0    5.1 24    8.0  999.9    50.5*   39.2*  0.00I 999.9  000000 
997295 99999  20191019    50.2 24    38.4 24  1015.2 24  9999.9  0  999.9  0    4.8 24   11.1  999.9    60.4*   41.4*  0.00I 999.9  000000 
997295 99999  20191020    55.7 24    45.2 24  1011.0 24  9999.9  0  999.9  0    3.7 24    8.9  999.9    63.5*   51.1*  0.00I 999.9  000000 
997295 99999  20191021    58.4 24    51.0 24  1011.5 24  9999.9  0  999.9  0    6.9 24   15.0  999.9    66.9*   52.7*  0.00I 999.9  000000 
997295 99999  20191022    56.8 24    45.8 24  1005.2 24  9999.9  0  999.9  0   10.6 24   17.1  999.9    64.4*   51.6*  0.00I 999.9  000000 
997295 99999  20191023    51.7 24    34.7 24  1012.8 24  9999.9  0  999.9  0    9.2 24   14.0  999.9    61.0*   44.1*  0.00I 999.9  000000 
997295 99999  20191024    54.5 24    36.8 24  1020.2 24  9999.9  0  999.9  0    7.0 24   12.0  999.9    56.7*   51.6*  0.00I 999.9  000000 
997295 99999  20191025    47.7 23    39.1 23  1025.6 23  9999.9  0  999.9  0    3.2 23    6.0  999.9    49.6*   45.9*  0.00I 999.9  000000 
997295 99999  20191026    46.9 24    42.3 24  1020.2 24  9999.9  0  999.9  0    8.7 24   17.1  999.9    52.9*   38.8*  0.00I 999.9  000000 
997295 99999  20191027    55.2 24    48.0 24  1005.7 24  9999.9  0  999.9  0   13.9 24   20.0  999.9    62.1*   49.6*  0.00I 999.9  000000 
997295 99999  20191028    53.6 24    42.7 24  1017.7 24  9999.9  0  999.9  0    4.6 24    8.0  999.9    64.9*   45.0*  0.00I 999.9  000000 
997295 99999  20191029    54.8 24    46.9 24  1018.2 24  9999.9  0  999.9  0    5.0 24    8.9  999.9    61.7*   49.6*  0.00I 999.9  000000 
997295 99999  20191030    46.6 24    41.5 24  1022.2 24  9999.9  0  999.9  0    5.3 24    8.9  999.9    50.2*   44.4*  0.00I 999.9  000000 
997295 99999  20191031    47.0 24    45.3 24  1005.5 24  9999.9  0  999.9  0    6.1 24   19.0  999.9    49.3*   39.2*  0.00I 999.9  000000 
997295 99999  20191101    36.8 24    28.2 24  1019.7 24  9999.9  0  999.9  0   10.4 24   18.1  999.9    42.3*   32.7*  0.00I 999.9  000000 
